0.6822203047545451
0.652778559298357
0.6143831511941076
0.5898144486136228
0.5924971431851208
0.5633991362236457
0.5756738176716063
0.6239691385949896
0.6294039040466525
0.6250362617281628
0.593212154953887
0.6225547227395557
0.5897207150983919
0.5594175257640066
0.5734208692957584
0.5623390604992826
0.5370861635104314
0.539440313817332
0.5307625166200242
0.5237438564585701
0.509167017878005
0.5006402695893518
0.5033075981853783
0.5053821593500567
0.49231618310922604
0.49353598695886025
0.49427399119334436
0.48240325804939843
0.49027042672726506
0.47043266652670124
0.4931770557029681
0.4882784205193291
0.491042293853567
0.4885196237411714
0.48097279053097886
0.4828210831672199
0.48201413212283967
0.4840601400809802
0.4927307086924236
0.4721522957603107
0.4861270607241918
0.4720108876190517
0.48342928801328394
0.4784959125826086
0.4941500885184534
0.46799081510251705
0.48189900642165245
0.4739315683252356
0.4772374973382971
0.48256315850003223
0.46505320101392034
0.47989973412390124
0.47490308860081754
0.47753770701440224
0.4775356261185134
0.4746604395561478
0.4746907037700537
0.47448597483125327
0.47104799413066456
0.47748977267274667
0.4861331124874679
0.4802105302798158
0.47218862977967985
0.4623529609242779
0.46529227966226444
0.4723398849796419
0.4755690823203275
0.47401292626564207
0.47747414412355066
0.4802977583225233
0.4733039068725874
0.4729933236089073
0.47805777203344996
0.48203182541856576
0.475624609758151
0.4841803063499442
0.47970986411020206
0.4819865019141503
0.48424285011949825
0.46949952242509374
0.46722326199183717
0.47931412715793287
0.4732143641013393
0.46307937543500555
0.4781806061307231
0.47669488401763527
0.48241291288993066
0.47955213036648064
0.4779660909643289
0.4821579967226301
0.47981474464052515
0.4700473461224565
0.47693187054051767
0.4736513645467492
0.482895131502794
0.4815464260023154
0.47927382002741503
0.4738613621856933
0.480150348181466
0.4768711579568458
0.4746050583086459
0.4800030876155369
0.47351058236305144
0.4749884927722643
0.4702182701522751
0.47749406368832237
0.475838093039317
0.47436580376093646
0.4711399160034664
0.4826285674437037
0.47831060946708
0.4627911268718659
0.46970580391164096
0.479861672900751
0.4887508620533338
0.47563271169968735
0.4749919328464382
0.4818818039264994
0.4711286200102044
0.47718758280130696
0.4764806768315995
0.47705196092153773
0.47693742817285995
0.4737399170833507
0.4794152404548544
0.4756288985276168
0.4776213579106985
0.4712647063027273
0.4681183671496569
0.47635191932018317
0.4642511520582767
0.4800946504706104
0.46273402121831786
0.47620377456141016
0.47828225297741145
0.4847665735169085
0.47981951440470866
0.47848493774163436
0.47847049496374466
0.47765316071360187
0.4689423043325723
0.46944724124481235
0.4698045428573008
0.4733479045353852
0.47134337277558747
0.47365895602116104
0.4769534259626931
0.47610956618660377
0.4857744283667218
0.4782166313061484
0.485416391341645
0.4819820738575937
0.47772955330099887
0.4745772220534032
0.4731098416613957
0.46839890389988115
0.47655737885522625
0.4765281028501785
0.4802566526571192
0.4772600821372288
0.47176590339695834
0.472621230080176
0.48473393872166903
0.47461398995322424
0.4715151850151042
0.46826268653298136
0.4806763065363609
0.47790296495363216
0.47568538606753413
0.4663875334517137
0.47483217215412826
0.46807973796949803
0.4800912769407079
0.4806023743437431
0.4711614037812522
0.4786934906602802
0.4715326510949763
0.47868718471566746
0.4830552217523287
0.47310447862532257
0.4741825353404938
0.46831351260747833
0.48465017795832244
0.46902136828685903
0.46727292268621906
0.47592596144511784
0.47473565908148885
0.4878112835292109
0.4691001184447021
0.4734808651564161
0.47195268987891187
0.4815285655337053
0.4743448319018379
0.46917829780851295
0.4811920827541322
0.46934011118508967
0.48312440680132973
0.475446962422418
0.47572128619926085
0.4697320141514441
