0.5649161196207148
0.6291028446389497
0.6787016776075857
0.7144420131291028
0.6991247264770241
0.7297592997811816
0.7180889861415025
0.6611962071480671
0.6415025528811087
0.6611962071480671
0.6994894237782641
0.6458789204959884
0.7075127644055434
0.7443471918307805
0.7290299051787017
0.7341356673960613
0.7684172137126185
0.7658643326039387
0.7713347921225383
0.7775346462436178
0.7910284463894968
0.8067104303428154
0.8012399708242159
0.8034281546316557
0.8110867979576951
0.8114514952589351
0.8078045222465354
0.8242159008023341
0.8114514952589351
0.8351568198395332
0.8078045222465354
0.8172866520787746
0.8147337709700948
0.8161925601750547
0.8285922684172137
0.824580598103574
0.8242159008023341
0.8176513493800146
0.8085339168490153
0.8373450036469731
0.8202042304886944
0.8391684901531729
0.8242159008023341
0.8329686360320934
0.8088986141502553
0.8413566739606126
0.8202042304886944
0.8336980306345733
0.8285922684172137
0.8227571115973742
0.8460977388767323
0.8274981765134938
0.8315098468271335
0.8282275711159738
0.8238512035010941
0.8300510576221736
0.8340627279358133
0.8318745441283735
0.838074398249453
0.825674690007294
0.8209336250911743
0.824580598103574
0.8355215171407732
0.8460977388767323
0.8413566739606126
0.8355215171407732
0.8307804522246536
0.8358862144420132
0.8271334792122538
0.8274981765134938
0.8304157549234136
0.8293216630196937
0.8300510576221736
0.8242159008023341
0.8326039387308534
0.824580598103574
0.8271334792122538
0.825674690007294
0.8220277169948942
0.838074398249453
0.838074398249453
0.824945295404814
0.8373450036469731
0.849744711889132
0.8264040846097739
0.8340627279358133
0.8231218088986142
0.8340627279358133
0.8234865061998541
0.8154631655725748
0.8282275711159738
0.8355215171407732
0.8293216630196937
0.8278628738147338
0.825674690007294
0.8216630196936543
0.8242159008023341
0.8285922684172137
0.824580598103574
0.8307804522246536
0.8373450036469731
0.8231218088986142
0.8340627279358133
0.8355215171407732
0.8406272793581328
0.8351568198395332
0.8329686360320934
0.8347921225382933
0.8398978847556529
0.8220277169948942
0.8296863603209337
0.8442742523705324
0.8369803063457331
0.8304157549234136
0.8147337709700948
0.8311451495258935
0.8282275711159738
0.824945295404814
0.8311451495258935
0.8285922684172137
0.8333333333333334
0.8329686360320934
0.8340627279358133
0.838439095550693
0.8264040846097739
0.8366156090444931
0.8300510576221736
0.8304157549234136
0.8417213712618526
0.8351568198395332
0.8450036469730124
0.825309992706054
0.849744711889132
0.8326039387308534
0.8212983223924143
0.8191101385849745
0.8205689277899344
0.8260393873085339
0.8329686360320934
0.8274981765134938
0.8340627279358133
0.8369803063457331
0.8395331874544129
0.8362509117432531
0.8340627279358133
0.8322392414296135
0.8307804522246536
0.8322392414296135
0.8231218088986142
0.8227571115973742
0.8212983223924143
0.8234865061998541
0.8311451495258935
0.8358862144420132
0.8311451495258935
0.838439095550693
0.8307804522246536
0.8388037928519329
0.824580598103574
0.8289569657184537
0.8311451495258935
0.8347921225382933
0.8242159008023341
0.8336980306345733
0.8340627279358133
0.8406272793581328
0.824945295404814
0.8304157549234136
0.8289569657184537
0.8424507658643327
0.8296863603209337
0.8406272793581328
0.8234865061998541
0.8264040846097739
0.8344274252370533
0.8304157549234136
0.8351568198395332
0.8205689277899344
0.8223924142961342
0.8406272793581328
0.8329686360320934
0.8420860685630926
0.8194748358862144
0.8369803063457331
0.8406272793581328
0.8285922684172137
0.8318745441283735
0.8147337709700948
0.838439095550693
0.8402625820568927
0.8413566739606126
0.8274981765134938
0.8318745441283735
0.8402625820568927
0.8223924142961342
0.8351568198395332
0.8187454412837345
0.8282275711159738
0.8315098468271335
0.8347921225382933
