0.6017441856091975
0.650655021360513
0.6783114987785214
0.7169948937148104
0.6955571735647799
0.7170909085693884
0.7037845700845817
0.641454544988033
0.586482557713312
0.6372906040514998
0.6897305166134519
0.6547705749054838
0.7081513823084779
0.7390670548549073
0.7199999994763636
0.7288629732296916
0.7530954109591439
0.7602040810785684
0.7711370256770138
0.7751091697415508
0.7928779064005247
0.7998544390102951
0.7949090903309751
0.7921511622150064
0.8033503271643478
0.8118161919680407
0.8020378451222432
0.8183139528936672
0.8146802319660753
0.8294460635353891
0.8209606980924594
0.8069919877589279
0.8141399410975656
0.8120903125913398
0.821090908493752
0.8307915752862806
0.8218181812204958
0.8220769783427182
0.8126822151511062
0.8339402761588198
0.8326055306895156
0.8455935900614758
0.8259286228507439
0.8239999994007272
0.8075801743384984
0.8469387748929017
0.8113619804724238
0.8335755807895525
0.8260553123536715
0.8221574338030921
0.8420289848970803
0.8253275103163554
0.8264342768144993
0.8191101379875199
0.8245997082790395
0.8282387184656195
0.8458181812030413
0.8301749265086188
0.8276363630344462
0.8273852870885758
0.8209606980924594
0.8296943225402515
0.8324836119209879
0.8422965110157729
0.8368536046344839
0.8292151156764425
0.826308138934369
0.8413391551373077
0.8237436264939958
0.8302986155642398
0.8279883375889298
0.8305454539414214
0.8255813947488506
0.8275109164283034
0.8301749265086188
0.821090908493752
0.8267831143909875
0.8332119440399038
0.8238719062417235
0.8406113530999917
0.8390386009912318
0.8252002907318279
0.826308138934369
0.8412235973479798
0.8215586301372478
0.8279883375889298
0.8204941854502222
0.8302986155642398
0.8197674412647038
0.8110867973660927
0.8318777286521996
0.8239999994007272
0.8317552798020719
0.8290909084879338
0.8317552798020719
0.8238719062417235
0.8254545448542148
0.8276363630344462
0.8265306116424703
0.8326055306895156
0.8427947592119397
0.8252002907318279
0.835636363028628
0.8353969403966518
0.8434085937047279
0.8330903784015375
0.82836363576119
0.8312727266681652
0.8403790081338345
0.8224163021670914
0.8316326524550782
0.8418367340802938
0.8330903784015375
0.8340611347641476
0.8116363630460826
0.8323615154283078
0.8244719586129118
0.8225454539472397
0.831999999394909
0.8310269476831559
0.8339402761588198
0.8332119440399038
0.8363636357553719
0.8360058302944563
0.8304221245775675
0.8363636357553719
0.8302986155642398
0.8333333327268315
0.8381924192141454
0.8339402761588198
0.8393895342736994
0.8228862967763219
0.8494545448367603
0.8256746894050512
0.8170553929904844
0.8152727266798016
0.8147337703758324
0.8237436264939958
0.8353969403966518
0.8304221245775675
0.835636363028628
0.8403790081338345
0.8317552798020719
0.8323615154283078
0.8352769673212266
0.8338192413747673
0.8276363630344462
0.8311499266148835
0.8179169695426678
0.8234011621922956
0.8216885001297755
0.8245997082790395
0.8324836119209879
0.8353969403966518
0.8315098462206346
0.8350290691605893
0.8293391424623535
0.8368536046344839
0.8259286228507439
0.8301749265086188
0.8272594746157
0.8309037894818485
0.8208302980183318
0.831999999394909
0.8353969403966518
0.8370909084821156
0.8344274246284263
0.8290909084879338
0.8212209296357406
0.8449781653238877
0.8294460635353891
0.8334545448483967
0.817454544860033
0.8326055306895156
0.8294629892384158
0.8381924192141454
0.8281363300738677
0.8200290269811109
0.8275109164283034
0.8404952652290638
0.8346686082777358
0.8479999993832726
0.8181818175867768
0.8357558133461076
0.8434085937047279
0.8267831143909875
0.8341818175751404
0.8151382817939313
0.8328488366040342
0.8399999993890909
0.8422965110157729
0.8265306116424703
0.8312727266681652
0.8464337693985198
0.8239999994007272
0.8341818175751404
0.8180494899431954
0.8261818175809587
0.8317552798020719
0.8287172005621594
