0.562118125891298
0.624737945056088
0.6797957690154662
0.7133526845331257
0.7011747425101507
0.7369207767287587
0.7254313572952502
0.6691957506303522
0.6609336603923557
0.6699846855513134
0.7040892188073685
0.6439828075616169
0.7081513823084779
0.7472365506652641
0.7344213644403401
0.736919675212292
0.7774436084380123
0.7691740407306975
0.7716994888609048
0.7796486085068458
0.791153008853406
0.8116691279086637
0.8060471970456878
0.8116157849503977
0.8164322717865046
0.8112244892046468
0.8120854820839458
0.8291605295808832
0.8105567600791346
0.8392330377291791
0.8005677779981776
0.8244047612913654
0.8153284665581544
0.8192505504634455
0.8344419801667095
0.8218390798693684
0.8266276511875437
0.816149963362545
0.8062183652883453
0.840058693440896
0.8130774692160074
0.8352517979602504
0.8235294111666452
0.8398813930023117
0.8099415198757737
0.8377793793527185
0.8264094949358979
0.8347889368014636
0.8308931179861689
0.8233576636325856
0.850658857356765
0.8295537667669687
0.836149889172557
0.8343239221141724
0.8239999994007272
0.8318713444211466
0.8271692739493817
0.8332114112412499
0.8460966536460247
0.8249818439905723
0.8215586301372478
0.8219178076265913
0.8379765389750904
0.849706744245083
0.8448529405552552
0.8408253494172252
0.8348017615016139
0.8328530253365611
0.8297872334337584
0.8260869559231253
0.8322344316247366
0.8293391424623535
0.834067547111551
0.8227206940501297
0.8344322338209287
0.8277126093638469
0.8279883375889298
0.8212491020665835
0.8214804057899271
0.8369565211326402
0.8378181812088594
0.8252002907318279
0.8459821422276917
0.8561897695654634
0.8300220744444281
0.8383763831451096
0.8258961222926875
0.8370044046718028
0.8269794715344725
0.8182487116863512
0.826464207645362
0.8442622944528596
0.8281363300738677
0.8278867096384265
0.8221742254699969
0.8208846984620125
0.8242556275786088
0.8300510570167388
0.8235294111666452
0.8301886786428239
0.8342939475257247
0.8222060951943352
0.8338171256648641
0.8360058302944563
0.8391304341745431
0.8367496333552344
0.8368846430294749
0.8379765389750904
0.8397669331101478
0.8224163021670914
0.8286129260503899
0.8461538455339531
0.8398236584571463
0.8286334050407567
0.817582416983456
0.8305454539414214
0.831130689551299
0.8273591800824
0.8313953482329975
0.8274111669126822
0.8333333327268315
0.8332119440399038
0.8333333327294685
0.840293039677441
0.8244219647222384
0.8375819367533999
0.8302986155642398
0.829109340456836
0.8443465485724327
0.8363769168470584
0.8498896240986831
0.8271062265002884
0.8506919148938878
0.8372781058895872
0.8242647052762759
0.8224504762858029
0.8243542429340558
0.8279648603016362
0.8317621458797954
0.8262128886124454
0.8338171256648641
0.8349022441456174
0.8452997773165805
0.8390889046002286
0.8334545448483967
0.8313953482329975
0.8336996330888646
0.8335766417273163
0.8269513985073995
0.8234011621922956
0.8216885001297755
0.8234011621922956
0.8306686040474791
0.8366156084342701
0.8309037894818485
0.8417582411415689
0.8329686354245305
0.8405267001898121
0.824127906377814
0.82836363576119
0.8339456276018032
0.8376193968863928
0.8268525305745762
0.8356464566576723
0.8335755807895525
0.8438416416100867
0.8188976372090926
0.8321167877137833
0.8351810784662371
0.8413043472164461
0.8300510570167388
0.8463810924325103
0.8282977149386163
0.8230215821417111
0.8392070478419918
0.8255563526018977
0.8415622690924375
0.8224163021670914
0.819754866027574
0.8411078711070642
0.8322440081102076
0.8388489202598208
0.8211678826122861
0.8388037922401139
0.8391304341745431
0.8304093561181217
0.8311594196875656
0.8151382817939313
0.8432671075472647
0.8412235973479798
0.8416848214657335
0.8283418547638116
0.8330903784015375
0.8366906468800787
0.8222060951943352
0.8366156084342701
0.8198395325894678
0.8304093561181217
0.8317552798020719
0.8391143905246388
