0.6928513906923648
0.6940824827234421
0.6927661524927484
0.6928775841737316
0.6937072980008002
0.6932271943372839
0.6941633462905884
0.6937774089329383
0.6938152325914261
0.6933530748545469
0.6944256748272177
0.6943175166429272
0.6938171588032451
0.6940305616643655
0.6934623196280214
0.6933673354875874
0.6943096389759997
0.6939120865936755
0.6932048119483886
0.6930949149707085
0.6947709438128349
0.6924610524885412
0.6940668285068861
0.6935362757429557
0.6947379661233801
0.6931629287095363
0.6938046019159756
0.6939944272731573
0.6933138685939956
0.6932625725500844
0.693885533128217
0.6941443899857629
0.6945393446626699
0.6935614774138323
0.6944861918884607
0.6946976787455806
0.6929362931635958
0.6937532324710431
0.6937032045898857
0.6949244841835145
0.6932195093362562
0.6935965184779728
0.6948253063041671
0.6942375299681269
0.6929580655168085
0.6938335775804659
0.6935411754547222
0.6941412509980012
0.693745414226218
0.6941001083094643
0.6940016009819742
0.6936248952787407
0.6946823449156003
0.693628299061632
0.6936371563810163
0.6936252399195125
0.6941678986007914
0.6929477130996952
0.6941055676047847
0.6944382493763965
0.6933634438922414
0.693529236677122
0.6936250500133556
0.6940007194865706
0.6940968991466266
0.6942963352718395
0.6938484343121033
0.6924205258652404
0.6927890942741513
0.692836487345952
0.694153471518371
0.6937660626666874
0.6942124821119945
0.6932444898404758
0.6938602147428189
0.6944955935263862
0.6939715841748068
0.6927083888564666
0.6929954233894796
0.694293666239138
0.6939657814248026
0.6931241838319263
0.6936842415448838
0.6923025357451309
0.6937182945056554
0.6939118934660843
0.6933535016567016
0.6935884193342516
0.6937252887049051
0.6917729325192891
0.6933169270471362
0.6936168873151612
0.6931916640428771
0.6936819456742807
0.6945079056035101
0.693915427478917
0.6932590406164418
0.6936412881088116
0.6931543224827924
0.6935597290319021
0.6940324927168139
0.6942641538732192
0.6934137302724754
0.6936376361353767
0.6931994171884559
0.6938892193912398
0.69364734421152
0.6938276953167386
0.694219123544679
0.6928975042801127
0.6939735157460171
0.6937710235178735
0.6938807002522729
0.6935579286778675
0.6943422152962483
0.6927080525311684
0.6937619557727082
0.6929160933354835
0.6944945794882623
0.6936655892809174
0.6930418293414521
0.6937462134427933
0.6933674699871876
0.6949024897931352
0.6937973250619345
0.6934835471719744
0.6944483100360671
0.6930064542790692
0.6944460849975995
0.6930181881591362
0.6934237117410325
0.6938256683276357
0.693853991916951
0.6939052776976914
0.6933313214157927
0.6940277210929815
0.6944840231473941
0.6938288091131818
0.6943937237667653
0.6942155500629553
0.6927855340674838
0.6935357162673798
0.6948372614252698
0.6943280046596653
0.6927851143774095
0.693646549874644
0.6932026797083929
0.6933794770496545
0.6940470977773379
0.6934729445714755
0.695113075345102
0.6942365325569755
0.6931701215259501
0.6928693648664813
0.6932385260138042
0.6939647822153001
0.6943511002053139
0.6937028349801537
0.6930831362627952
0.6951959700521853
0.6943298170905141
0.6933317462136793
0.6935725073972752
0.6930532121746956
0.6938133751144296
0.6932596886967979
0.694318552535589
0.6938636553409683
0.6943586989249677
0.6935521339560189
0.6927941088193668
0.6940033449753956
0.6938823785851983
0.6950930247572901
0.6940812600003093
0.6930586529566961
0.6949769870311701
0.6936034423627756
0.6933668889242784
0.6939148911220185
0.6946898054515201
0.6940173853807344
0.6936248385292643
0.694333649416852
0.6939224398742287
0.6934794753418193
0.6932352612886203
0.6940187739496493
0.6933262484488657
0.6934926031969717
0.6932609072044305
0.6938821105626378
0.6934318898277032
0.6939104182404502
0.6939305512892858
0.6927075191580124
0.6941602970627888
0.6934261731803417
0.6938325437831249
0.6936439786700868
