0.6458481187751255
0.6041222454839216
0.6254442070892364
0.6252661457592149
0.6239376766119421
0.6048329775374321
0.6337828242485573
0.6086647722949824
0.6129261359283195
0.6519886359005762
0.5907801414249786
0.6219858151617121
0.6098081019120055
0.6216216211795009
0.6183368865541315
0.6066856325699248
0.6018452799135235
0.618168913684763
0.6363636359116736
0.6105188339655161
0.5877754082531802
0.6280227591550336
0.5767045450449542
0.6112295660190266
0.5957295369425412
0.6195883600996533
0.5958806813949711
0.6251778089436857
0.6322901844720553
0.6248226945923243
0.6191489357311
0.6342329540950049
0.6089425119879754
0.6120567371545697
0.6072443177505367
0.6234042548770182
0.6330014220248923
0.60312944480574
0.6157670450172109
0.6045357897912573
0.615056817744988
0.6086647722949824
0.5957446804285498
0.6085409248337786
0.620028408650548
0.6245564225517697
0.6202980833070986
0.6103619584028659
0.6294452342607074
0.6160397440624273
0.6166429583096422
0.6259758689666601
0.626154939142747
0.6159317207568052
0.6186079541061023
0.6268656711962575
0.6157670450172109
0.6306818177338908
0.6145092456511314
0.5994318177560853
0.6195883600996533
0.6238466993443245
0.611071681610311
0.600852272300531
0.5965909086671939
0.6126510301260476
0.6129261359283195
0.620199146073827
0.6081081076755988
0.6162046903936
0.6039744495358591
0.6193181813783251
0.6230440962851749
0.6212765953040591
0.6113475172969166
0.5841021997273937
0.6102418203341096
0.6112295660190266
0.6187766709681531
0.6129261359283195
0.6273115216021966
0.6127659570122227
0.603840682358577
0.6214488631949937
0.6237553338380118
0.6311300635173205
0.6152204832039683
0.6109142447831932
0.6115056813838737
0.6183368865541315
0.6297085994102994
0.6144578308898243
0.6321022722783364
0.628997867356789
0.6011355567060783
0.6183368865541315
0.6351351346834031
0.619047618607642
0.6187766709681531
0.6235795450116622
0.6051136359338681
0.6103619584028659
0.6254442070892364
0.6399147722727877
0.6210078065145437
0.6094968103405408
0.605693949746837
0.6137980080982944
0.6035460988627332
0.6188786368922081
0.6143465904727652
0.6234042548770182
0.6226012788751945
0.6304193314638099
0.5934612646812641
0.639716311603038
0.624733475035726
0.6284697504423702
0.6226012788751945
0.624733475035726
0.6304193314638099
0.6022727268449767
0.6304193314638099
0.6042704622033662
0.6135231312359265
0.6157670450172109
0.6041222454839216
0.6122159086560967
0.6102418203341096
0.6226950350193652
0.6159317207568052
0.6136363632005423
0.6076759057514741
0.6337828242485573
0.6351351346834031
0.619047618607642
0.5967283068302074
0.6115056813838737
0.6025550031209688
0.6107954541116509
0.6337828242485573
0.6276595740229364
0.6102418203341096
0.6230440962851749
0.6178977268338794
0.6083866378049846
0.615056817744988
0.6211798147681735
0.5994318177560853
0.6069651736979635
0.6306818177338908
0.6123755329926205
0.6297872335958955
0.6287339967078706
0.6268656711962575
0.6069651736979635
0.6039744495358591
0.628997867356789
0.6089425119879754
0.587482218643327
0.6086647722949824
0.6207386359227708
0.5966029719769264
0.6153300208549822
0.6116229620045195
0.6130867705454575
0.5964412807142766
0.6018452799135235
0.6098081019120055
0.6288147617964409
0.6304193314638099
0.6111898012668627
0.6140724942330685
0.5836298928230392
0.6004258334986331
0.6429587477646097
0.5830965904949598
0.6315789469192183
0.6437189491527899
0.6015624995727539
0.626334519127164
0.6079545450227595
0.614620297647537
0.6019900493233901
0.6248226945923243
0.6249999995561079
0.6313920450061136
0.6192170814098099
0.6288147617964409
0.6079545450227595
0.6226950350193652
0.6152204832039683
0.6041222454839216
0.6227883930482743
0.624733475035726
0.6321022722783364
0.5955934608417957
0.6137980080982944
0.6167494672698726
0.6143465904727652
