0.5224199288256228
0.4914590747330961
0.504626334519573
0.5128113879003559
0.501067615658363
0.504270462633452
0.50355871886121
0.4928825622775801
0.4914590747330961
0.5120996441281139
0.49501779359430603
0.497864768683274
0.496797153024911
0.49644128113879005
0.50355871886121
0.497153024911032
0.4843416370106762
0.4925266903914591
0.5049822064056939
0.5085409252669039
0.48185053380782916
0.5078291814946619
0.4843416370106762
0.49750889679715304
0.4875444839857651
0.499288256227758
0.48825622775800714
0.497864768683274
0.504626334519573
0.5128113879003559
0.502491103202847
0.5124555160142349
0.49395017793594304
0.497864768683274
0.48718861209964415
0.502135231316726
0.5049822064056939
0.4875444839857651
0.499644128113879
0.4750889679715303
0.498932384341637
0.49430604982206405
0.4918149466192171
0.49110320284697506
0.50355871886121
0.5081850533807829
0.497864768683274
0.48576512455516013
0.506405693950178
0.48612099644128115
0.499644128113879
0.502135231316726
0.500711743772242
0.5
0.49501779359430603
0.499644128113879
0.4935943060498221
0.507473309608541
0.504626334519573
0.4900355871886121
0.498220640569395
0.502491103202847
0.5
0.49110320284697506
0.48612099644128115
0.48825622775800714
0.4928825622775801
0.5131672597864768
0.5120996441281139
0.5067615658362989
0.49644128113879005
0.499644128113879
0.49323843416370106
0.5067615658362989
0.49608540925266903
0.4928825622775801
0.497864768683274
0.50355871886121
0.506405693950178
0.4896797153024911
0.50355871886121
0.504270462633452
0.500355871886121
0.502491103202847
0.501779359430605
0.5113879003558719
0.502491103202847
0.49537366548042705
0.502135231316726
0.5241992882562277
0.5060498220640569
0.5088967971530249
0.5124555160142349
0.5106761565836299
0.49608540925266903
0.4928825622775801
0.5103202846975089
0.49750889679715304
0.5
0.5060498220640569
0.5
0.48576512455516013
0.500355871886121
0.5174377224199288
0.505693950177936
0.500711743772242
0.498220640569395
0.4914590747330961
0.4843416370106762
0.5106761565836299
0.49110320284697506
0.502135231316726
0.4900355871886121
0.506405693950178
0.48398576512455516
0.5177935943060499
0.499644128113879
0.5028469750889679
0.49608540925266903
0.5039145907473309
0.5113879003558719
0.49572953736654807
0.505338078291815
0.4879003558718861
0.504626334519573
0.505338078291815
0.49644128113879005
0.49537366548042705
0.49537366548042705
0.506405693950178
0.504626334519573
0.498220640569395
0.49644128113879005
0.502491103202847
0.5085409252669039
0.501067615658363
0.47544483985765124
0.496797153024911
0.48718861209964415
0.4797153024911032
0.5113879003558719
0.503202846975089
0.4928825622775801
0.49217081850533806
0.5085409252669039
0.505338078291815
0.504270462633452
0.502491103202847
0.48576512455516013
0.49750889679715304
0.49430604982206405
0.4893238434163701
0.5085409252669039
0.5142348754448398
0.507473309608541
0.497864768683274
0.49323843416370106
0.5117437722419929
0.49466192170818507
0.47580071174377225
0.49110320284697506
0.5049822064056939
0.49217081850533806
0.5085409252669039
0.501779359430605
0.5049822064056939
0.49323843416370106
0.4935943060498221
0.4928825622775801
0.49857651245551604
0.504270462633452
0.4925266903914591
0.49750889679715304
0.47580071174377225
0.4896797153024911
0.5188612099644128
0.47330960854092524
0.500711743772242
0.5138790035587188
0.4914590747330961
0.4925266903914591
0.501423487544484
0.499288256227758
0.4914590747330961
0.49466192170818507
0.5081850533807829
0.507473309608541
0.49572953736654807
0.507473309608541
0.5085409252669039
0.5096085409252669
0.498220640569395
0.502135231316726
0.504270462633452
0.5028469750889679
0.5138790035587188
0.4896797153024911
0.499644128113879
0.49537366548042705
0.4907473309608541
