0.5191100966804848
0.49361207869128215
0.5042979939803449
0.5116144015611995
0.5028538809915217
0.5041469191326143
0.5039503383160551
0.49508954333039307
0.4939896963400173
0.5102834905445894
0.4973134325389173
0.49971509943036174
0.4979686590261354
0.49743881588079747
0.5034722219308609
0.497956800643341
0.48847926239142897
0.4951677086440206
0.5047887321099781
0.5076832148299745
0.48561362273305125
0.5065978195601848
0.48768768739478213
0.4985507243486662
0.48976009333542414
0.5005733942083868
0.4912177983072495
0.4985819622810085
0.5039682536825576
0.5119116789587962
0.5034602073221106
0.5108695649251318
0.4962406012167492
0.49971048031284854
0.4905335625412888
0.5031482538619644
0.5042492914990089
0.490173410121287
0.5005773669165258
0.48192090368253054
0.49999999971131637
0.49623624754126444
0.49469964635176694
0.4927953887649594
0.5037507210018749
0.5077899593146047
0.4994285711431836
0.4897494302450174
0.5054254708706879
0.49011857679835197
0.4999999997116493
0.5028506268512823
0.5011376561426976
0.5002888500864882
0.496862521108464
0.5002836072034693
0.49571183505105093
0.5068493147791956
0.5040840137082356
0.4927028601910666
0.4997137947912342
0.5031482538619644
0.5011641440621861
0.49358226342264744
0.48951048922522694
0.4911680908882233
0.49512335026097337
0.5111371626546675
0.5104477608892849
0.5061295969024345
0.49824355942725784
0.5005740525255028
0.494915253957675
0.5069444441510738
0.4982658956657422
0.49518652196438834
0.4985473558985779
0.503512880267264
0.5055200461908658
0.49257990839464616
0.5031374783210852
0.5049678547603929
0.5005896223463504
0.502873562929383
0.501716246852565
0.5097588975259707
0.5023228800799519
0.49797804708377924
0.5026269699342516
0.5209580835203843
0.5054192809438566
0.5091015851385193
0.5109070031510292
0.5092059835965442
0.4979423865385406
0.49488054579358326
0.5085421409404657
0.4985689751009908
0.5002875212764304
0.5057603683722578
0.5008818339207044
0.4897494302450174
0.5008537276602995
0.5148571425629388
0.5057803465284506
0.50233644830471
0.4985354420043729
0.4934248138974129
0.48879954021321104
0.5099415201696248
0.4937214609054101
0.5031482538619644
0.49268841367115385
0.5057012539876276
0.4874489197387922
0.515723270145384
0.5002845756970492
0.5022753125698093
0.4974446334483562
0.5037249280780945
0.5097701146495573
0.4973607035206095
0.5048377914030518
0.49018475722275706
0.5037989476891882
0.5052447549503235
0.4976580793339238
0.4971164933695983
0.4965277774904353
0.5066358912252533
0.5040745049452419
0.4994219650292358
0.49767171100251933
0.5030985912658599
0.5070982393486098
0.501439262808613
0.4805269183960327
0.4982638886005417
0.49075144480303384
0.48478015756213066
0.5102857139941224
0.5039863322870237
0.4945244953922049
0.49407783390068927
0.507880910386526
0.5050147489645931
0.5043680835734606
0.5025876937880461
0.48927536203520267
0.49854057180470485
0.49636668502159487
0.49171901742334717
0.5082999424680595
0.511870295013393
0.5066053989048791
0.49883177540956086
0.49563191584412813
0.5100864550374141
0.49681528633652844
0.4805119252585736
0.4936635941856776
0.5049104560919061
0.49588235264948094
0.5082063302999963
0.5032069967911329
0.5043885310097199
0.49439527994430954
0.4959064324585342
0.49480968829595745
0.49999999971783293
0.5039772724409219
0.49597701120920856
0.49855741459979375
0.48009367653390295
0.49271985993435063
0.515393386251201
0.4789964991371082
0.5008460234061782
0.5121400335899831
0.4938775507324329
0.4941044354328442
0.5020527856292946
0.5005780343927294
0.49358974330210387
0.4971783292905314
0.507497116200982
0.5068415048421656
0.49657534218231997
0.5071551227778162
0.508011869134711
0.5092807421639902
0.49884659717482893
0.5023640658969479
0.5057471261461223
0.5028604116116359
0.5120828535603665
0.49207281239455497
0.49999999971031284
0.49742415541074747
0.49343981717430696
